P  20260630    2         3 1 0          CAPIX                                                                                                11 0 0 4A6A0F4A-AAB5-44C8-952C-F9704F761CFF 
M1 2010104060                     A-14821                        0 713422.72            0          0.0                                                                                                                            DCC45D3C-E611-4B0F-B088-78C49B02C8E9 20260630 
AM FF2658C9-8A76-4B94-8493-491B68A5F782 
M1 1010200003                     A-14821                        1 714755.4             0          0.0                                                                                                                            14161EB3-5E77-4B8C-AAE2-E038CF1C8413 20260630 
AM FF2658C9-8A76-4B94-8493-491B68A5F782 
M1 1010401000                     A-14821                        0 98403.07             0          0.0                                                                                                                            9267CDEA-6E86-4047-B19B-0164CB4EEAB5 20260630 
AM FF2658C9-8A76-4B94-8493-491B68A5F782 
M1 1010402000                     A-14821                        1 98403.7              0          0.0                                                                                                                            C0CB741F-400E-4384-92DD-DDDA65DFEEDC 20260630 
AM FF2658C9-8A76-4B94-8493-491B68A5F782 
M1 5020604002                     A-14821                        0 1333.31              0          0.0                                                                                                                            CAA7E6C3-134E-4F81-BC02-1AB9F9B7C670 20260630 
I     716 2026  6 5020604002                     1 A                  14821                                FF2658C9-8A76-4B94-8493-491B68A5F782 2 1                                    1 1 2 2                                16.0      615019.66            98403.07             713422.73            1 0.0                  0.0                                       615019.66            0 0.0                  87B3BEE3-0097-4404-829A-29591AFB9B26                                      0 201                  201.03               0                    100.0      1 
W2 615019.66            0.0                  0                      
V     716 713422.73            16.0      615019.66            98403.07             1 0 A                  14821                                0.0                  713422.73            0.0                  0.0                  713422.73            2026    6 5020604002                     0.0                  FF2658C9-8A76-4B94-8493-491B68A5F782 CLE2206223N5  0.0                  
AD FF2658C9-8A76-4B94-8493-491B68A5F782 
