P  20260615    1        15 1 0          GRUPO MOTORMEXA                                                                                      11 0 0 D2D46D2B-D003-4DC5-838F-990106A9D37B 
M1 1010200003                     CRA-1143                       0 456049.48            0          0.0                                                                                                                            C854C005-3B1C-42EB-8916-9DEEF8F5730C 20260615 
R  2026  6 
AM 2916AA98-2F8C-4607-B206-68736EEA4F28 
M1 1010306000                     CRA-1143                       1 456049.48            0          0.0                                                                                                                            EC56FD3D-FF6D-4BF4-8CFD-2C2CFAE1F7C3 20260615 
AM 2916AA98-2F8C-4607-B206-68736EEA4F28 
M1 2010202000                     CRA-1143                       0 62903.38             0          0.0                                                                                                                            F3C10411-0452-4E0E-8EFE-5BEB61B13BAC 20260615 
AM 2916AA98-2F8C-4607-B206-68736EEA4F28 
M1 2010201000                     CRA-1143                       1 62903.38             0          0.0                                                                                                                            5B797592-7378-480A-AA5F-E24A71E59C81 20260615 
AM 2916AA98-2F8C-4607-B206-68736EEA4F28 
I      20 2026  6 1010306000                     1 CRA                 1143                                2916AA98-2F8C-4607-B206-68736EEA4F28 1 1                                    1 1 2 2                                16.0      393146.1             62903.38             456049.48            1 0.0                  393146.1                                  0.0                  0 0.0                  18F7B661-6C18-43F0-8FCA-77D9CA318D05                                      0 0                    0                    0                    100.0      0 
E                       
D  0.0                  0.0                  393146.1             0 1 456049.48            393146.1             62903.38             0.0                  0.0                  0.0                  0.0                  0.0                  0.0                  0.0                  0.0                  0.0                  
C  1 0.0                  0.0                  0.0                  0.0                  0.0                  0.0                  0.0                  0.0                  0.0                  0.0                  0.0                  0.0                  0.0                  0.0                  0.0                  0.0                  0 0 0.0                  
AD 2916AA98-2F8C-4607-B206-68736EEA4F28 
