P  20260313    2        29 1 0          NORMA ELIZABETH                                                                                      11 0 0 613B9A9F-3B05-477F-9EF0-DA1813DEA98F 
M1 20001000424000000                                             0 10772.62             0          0.0                                                                                                                            96EA372B-B9D8-4E1A-9C16-429E4E64A8C4 20260313 
AM A6E1EF87-8D5B-427C-A9BD-529A57301FCF 
M1 10100000001000000                                             1 10772.62             0          0.0                                                                                                                            349DFD1C-7681-46C5-B947-AD1F77F9AAE1 20260313 
AM A6E1EF87-8D5B-427C-A9BD-529A57301FCF 
M1 10500000000000000                                             0 1656.0               0          0.0                                                                                                                            70521AAB-03DC-47AD-ADBE-AA36D24BF517 20260313 
AM A6E1EF87-8D5B-427C-A9BD-529A57301FCF 
M1 10600000000000000                                             1 1656.0               0          0.0                                                                                                                            8CB073BB-ABCA-43FF-AE26-0C0DC2C1BEE9 20260313 
AM A6E1EF87-8D5B-427C-A9BD-529A57301FCF 
I    1878 2026  3 10100000001000000              1                        0                                A6E1EF87-8D5B-427C-A9BD-529A57301FCF 2 1                                    2 1 1 2                                1.25      10350.0              129.38               129.38               1 0.0                  0.0                                       0.0                  0 0.0                  D2354C19-F39B-4026-9636-EC0C2795F471 59004AC7-CFEF-45FE-8FC5-64F437EDD955 0 0                    0                    0                    100.0      0 
I    1878 2026  3 10100000001000000              1                        0                                A6E1EF87-8D5B-427C-A9BD-529A57301FCF 2 1                                    2 1 2 2                                10.6667   10350.0              1104.0               1104.0               1 0.0                  0.0                                       0.0                  0 0.0                  29D95607-F244-436B-8BE8-7335969FB512 59004AC7-CFEF-45FE-8FC5-64F437EDD955 0 0                    0                    0                    100.0      0 
I    1878 2026  3 10100000001000000              1                        0                                A6E1EF87-8D5B-427C-A9BD-529A57301FCF 2 1                                    1 1 2 2                                16.0      10350.0              1656.0               12006.0              1 0.0                  0.0                                       10350.0              0 0.0                  59004AC7-CFEF-45FE-8FC5-64F437EDD955                                      0 201                  201.03               0                    100.0      1 
W2 10350.0              0.0                  0                      
V    1878 12006.0              16.0      10350.0              1656.0               1 0                        0                                0.0                  12006.0              1104.0               129.38               10772.62             2026    3 10100000001000000              0.0                  A6E1EF87-8D5B-427C-A9BD-529A57301FCF SOVN780721H38 0.0                  
AD A6E1EF87-8D5B-427C-A9BD-529A57301FCF 
